Id,SalePrice
1461,126439.09059418313
1462,146730.74143254367
1463,180606.06859822094
1464,184575.87523060013
1465,208816.9450942654
1466,181479.32360861465
1467,165839.03902246943
1468,174564.01618000225
1469,180116.872772931
1470,125016.84841768701
1471,201991.64251131573
1472,102173.29979687762
1473,108660.39490372986
1474,161532.35739958516
1475,145652.36311750975
1476,370430.8167528666
1477,258741.6098992353
1478,326759.3736870585
1479,294780.6194573877
1480,416930.3071117874
1481,304317.4178270987
1482,214135.28805821412
1483,177429.52254905395
1484,176230.19568874422
1485,168809.9335044625
1486,193251.7757705808
1487,316292.3356378305
1488,255162.55379162866
1489,194124.47163501484
1490,196623.71297962219
1491,193668.66108057543
1492,98884.58477275551
1493,179129.38715164014
1494,306986.33563004347
1495,298154.7972689887
1496,230046.75550093636
1497,191478.6006160324
1498,159675.91367118031
1499,160041.5068599528
1500,151828.01797935268
1501,171752.44050000928
1502,164792.62787158365
1503,278472.16828977154
1504,234129.24227129604
1505,219283.36626014233
1506,179309.9324158239
1507,209552.14959891766
1508,199235.98161890163
1509,161409.4017181404
1510,149820.89334741718
1511,152333.39086034757
1512,169432.3308837677
1513,157232.08432684
1514,161541.99618393826
1515,189135.15395192505
1516,169753.01982257032
1517,146862.7545333203
1518,137139.81622383415
1519,225377.79829234813
1520,137696.655575673
1521,142820.41971838512
1522,168924.8898554241
1523,112922.9024653448
1524,120501.76745006832
1525,126933.438483203
1526,128426.42114149393
1527,108363.19064964885
1528,126830.16122887652
1529,142998.42976946908
1530,164865.21730236875
1531,140455.44337277437
1532,109712.40677554112
1533,139717.85548033717
1534,117425.6566739995
1535,161657.42316895458
1536,123914.96669116124
1537,96581.72370363426
1538,205223.80167190675
1539,251931.04558428758
1540,131379.6385184739
1541,154536.1088618367
1542,149547.52835489274
1543,210814.93555432576
1544,90041.83213673279
1545,109681.8463153339
1546,123315.78125676827
1547,142655.34056602154
1548,135107.44132972506
1549,114506.99760463124
1550,150231.18704960047
1551,124680.49208402453
1552,148991.1061606679
1553,151272.623555373
1554,110853.5355683521
1555,169380.0885139337
1556,96946.70679134155
1557,138181.43323053594
1558,96451.92323241172
1559,128475.25678154518
1560,160466.11762000437
1561,160812.37214683744
1562,123391.68501726487
1563,121374.63091124635
1564,160874.18078036056
1565,153588.45727712524
1566,216877.1343810586
1567,89345.57323308974
1568,210321.562982798
1569,154533.83659218
1570,129723.99477793291
1571,141938.89918689613
1572,141464.926518468
1573,232304.06301222357
1574,142166.52437161634
1575,213798.15882955983
1576,213757.24460388257
1577,191888.92468287383
1578,158577.1191124552
1579,141390.6215485451
1580,188356.78393145668
1581,136118.88194244922
1582,129849.52721857041
1583,349870.84800329537
1584,242325.59512378465
1585,142956.68657393238
1586,85782.06479967387
1587,109748.81809276817
1588,148592.5519852351
1589,96826.24647852119
1590,135885.96610652292
1591,106307.50619776867
1592,131748.24550882512
1593,119224.39534005163
1594,130027.64586146103
1595,136920.04221437126
1596,234453.36789538138
1597,158394.69663200554
1598,183766.08019772454
1599,209173.32916528123
1600,205318.36700157757
1601,93848.12551993415
1602,115617.19590869205
1603,106190.60492445108
1604,287375.73850125587
1605,257314.5068708126
1606,163130.53505757198
1607,170741.35824467716
1608,204526.92230069733
1609,185571.6523069254
1610,154119.77987707578
1611,149304.88885130844
1612,160681.46096324254
1613,166363.99794799156
1614,123557.12105911544
1615,93026.85782290292
1616,91885.66715117266
1617,99438.15615067059
1618,124885.0033988114
1619,132019.7808268606
1620,152874.72025524772
1621,141616.9221433035
1622,147038.53523139606
1623,289632.50665482215
1624,208917.4521860532
1625,128794.67714134736
1626,172393.93435116688
1627,185050.04821833925
1628,290148.9317212165
1629,176588.64536612752
1630,335511.189124273
1631,219027.1835566316
1632,255734.12387896233
1633,165718.08942271443
1634,181835.81985143785
1635,182930.85713985245
1636,163821.60116466403
1637,171929.49957447153
1638,220849.9394423875
1639,177598.549161716
1640,243508.96593276467
1641,181133.1648374819
1642,214601.03235567125
1643,230422.61948972687
1644,224828.2652960052
1645,176747.33591697348
1646,154246.82322951255
1647,166234.10128744875
1648,143195.25262382397
1649,137207.99259734384
1650,122714.80520410251
1651,120100.34602582316
1652,102985.93721393264
1653,104659.02942387467
1654,162779.66628956553
1655,160432.4995462831
1656,159713.98813731907
1657,162054.08460733359
1658,161608.38310816936
1659,148749.85943419396
1660,145005.63988148872
1661,400603.4153747441
1662,357444.67146706075
1663,382686.5367811134
1664,411063.32133412437
1665,331868.78559162834
1666,318958.23174380406
1667,342473.967790572
1668,340095.3181047111
1669,320581.42091285496
1670,347810.63682707923
1671,248307.8654652521
1672,414460.772433944
1673,315079.71043810237
1674,261632.32423600313
1675,180986.5109447305
1676,181480.85077188187
1677,197075.08082600418
1678,408373.32584947033
1679,371562.21888742916
1680,321599.6500574051
1681,267357.8442918003
1682,302612.966763342
1683,191955.44681244693
1684,176439.81387939435
1685,174909.4060465289
1686,181247.67929435405
1687,166881.71292308802
1688,183537.9880460888
1689,190046.7907511797
1690,184203.05727026932
1691,172090.44883353772
1692,280788.0562286328
1693,166555.31611323208
1694,182578.02823404968
1695,168680.6946868872
1696,264489.0454636514
1697,169056.89965581617
1698,336456.22864673525
1699,333290.7941482022
1700,241094.44176655982
1701,267015.33976344654
1702,267585.55350025283
1703,262208.3019863444
1704,294707.3328725826
1705,230213.06503431976
1706,404285.47348223254
1707,201336.98144678908
1708,197843.34505310416
1709,301464.4297239855
1710,232818.41097624466
1711,264952.3531084591
1712,264761.3145635021
1713,249214.9692373491
1714,224190.03995773933
1715,197405.17316085714
1716,179102.66843728823
1717,164775.64777762105
1718,142955.8662430322
1719,202644.5094602678
1720,258362.29358505865
1721,168522.16676199928
1722,133178.29338915675
1723,153284.21829203598
1724,208595.4934140365
1725,239525.75831398153
1726,184017.33535019323
1727,175273.17221768887
1728,184725.7268081921
1729,161563.60861844046
1730,171603.21156161057
1731,125314.961232514
1732,131535.3608124868
1733,125536.87836878953
1734,133705.24285509155
1735,129386.12565497264
1736,119217.78308173227
1737,348389.42730592645
1738,206391.94473888364
1739,259104.5506005356
1740,192832.28077187075
1741,170756.00218277957
1742,172191.2789548038
1743,168898.24617060638
1744,292028.55559768877
1745,225691.93600781917
1746,267305.4740767888
1747,225323.06374197494
1748,195038.8212244209
1749,159564.4042192301
1750,147909.10820687303
1751,233388.67746901806
1752,123202.11414135741
1753,146403.6429956438
1754,220458.42666473408
1755,166510.08654683127
1756,124903.78703045934
1757,120224.78835450942
1758,160608.55361147536
1759,173493.40175910929
1760,156607.53011282685
1761,151865.73181822168
1762,169738.46601666
1763,169280.78482921177
1764,117924.05348023129
1765,178878.27697387413
1766,175351.44820536664
1767,199614.8404879968
1768,141279.02752695212
1769,170441.00086609845
1770,138702.42655207578
1771,136260.60833170937
1772,138798.53600755343
1773,139596.7545957201
1774,138406.68033017797
1775,133248.04827856424
1776,118195.98560689675
1777,115391.98670821902
1778,130110.72851164632
1779,119925.18401278475
1780,174404.91571600485
1781,134706.69115564984
1782,107193.47277856221
1783,126572.00198946643
1784,102412.6159454924
1785,123655.75364161172
1786,166242.10321528092
1787,172324.95215011027
1788,85506.57094669993
1789,98903.58769461766
1790,99149.15504242072
1791,194191.640239599
1792,150825.13990158984
1793,147447.23709259636
1794,137911.42620997515
1795,136191.9133377935
1796,123548.29393042781
1797,118425.35947846175
1798,126107.61344719207
1799,116323.61641439582
1800,126675.81460961535
1801,130414.93695799306
1802,157277.06758834206
1803,154758.1152687077
1804,140558.85512466042
1805,136004.02985989532
1806,113704.83176714284
1807,157130.64147748498
1808,119827.56585461536
1809,132647.64956699358
1810,150610.91212330328
1811,130529.36962101054
1812,118557.8963740979
1813,121906.73089931003
1814,103249.24738066497
1815,84660.63971056748
1816,107107.79234555006
1817,141224.28706229347
1818,144651.60328192066
1819,113629.9529651907
1820,92637.11409955118
1821,132138.02989831977
1822,164316.47562281284
1823,81981.2331995196
1824,138815.58567635354
1825,141331.78050816263
1826,107352.16842362589
1827,111183.01422241885
1828,140939.77038166416
1829,139233.00323813313
1830,146962.99325138447
1831,183435.46166080385
1832,129027.15343653597
1833,149560.24482782485
1834,135854.72420343198
1835,187518.11581886164
1836,134675.86596095626
1837,101768.36809831865
1838,130519.14299601948
1839,94156.05808845682
1840,147220.56297550924
1841,144153.95742743963
1842,94839.38803282082
1843,142771.82899479958
1844,135955.1281785556
1845,148905.72254718991
1846,151353.2753067112
1847,154585.50794604703
1848,80594.7801709785
1849,125066.74321470244
1850,128419.00635171105
1851,155016.86073284535
1852,131803.6685532326
1853,138619.80077365722
1854,168891.9300693677
1855,154235.90570235532
1856,218041.30763849537
1857,177753.51599560346
1858,142641.31190970435
1859,138038.39112901615
1860,151560.84075637942
1861,137805.0909932725
1862,255123.1474009179
1863,252613.4184176101
1864,252613.4184176101
1865,332179.83728662174
1866,338241.89413141547
1867,249536.7410743359
1868,301904.207760652
1869,195226.88598693124
1870,253716.89109712324
1871,261624.35897003443
1872,174509.96553414437
1873,217716.8694668557
1874,139111.71584582413
1875,210661.17700190246
1876,189484.2067313164
1877,218139.326897811
1878,217987.34277529095
1879,129399.62065239166
1880,137090.97351995873
1881,236708.7876715423
1882,262696.4580670251
1883,198884.04794769656
1884,216201.67933280245
1885,269099.50931172946
1886,300598.13344962907
1887,208173.95446640428
1888,288606.89751685027
1889,165465.31525475247
1890,135003.43598686386
1891,141909.27760341883
1892,112954.99204559457
1893,136211.50336547013
1894,132622.3269419224
1895,155113.0047821262
1896,124269.02638996372
1897,122032.50263401958
1898,110429.7115963942
1899,135363.564821144
1900,138231.5437843659
1901,166462.58085949437
1902,143022.4946502682
1903,216034.6890405789
1904,136382.68664759208
1905,175900.8553006847
1906,153062.9808481709
1907,189339.5514510133
1908,124506.62671124031
1909,141359.6902443934
1910,134469.5928170936
1911,195936.62508144058
1912,257641.0331142215
1913,150990.00542797265
1914,83995.59724776409
1915,287918.7436631181
1916,90688.60942962434
1917,271471.0210194619
1918,133032.12730956415
1919,156880.78267513806
1920,157720.05677859794
1921,392926.75602878997
1922,335582.90279603517
1923,197657.22019793748
1924,222382.59460244363
1925,226332.91490437835
1926,389766.33907956554
1927,135560.99742140964
1928,162315.07383542886
1929,125876.05295035029
1930,133130.7228089838
1931,139402.9318400667
1932,139220.88362482918
1933,172460.9358477736
1934,183055.9998094224
1935,174760.20084808802
1936,184600.27305697554
1937,182806.43292082052
1938,171909.00792738647
1939,257067.51878994744
1940,208853.637226905
1941,179991.98275828312
1942,188068.44233624253
1943,211464.60932023588
1944,313107.2930794179
1945,383099.10983525804
1946,166157.51698019705
1947,304676.45337715244
1948,170654.6225988508
1949,238435.26127239384
1950,183514.0968191761
1951,260594.0647722399
1952,235167.79091735146
1953,166362.2403622965
1954,211091.36933580373
1955,128606.92671191432
1956,266331.9235261073
1957,163934.5583250747
1958,316207.0881266803
1959,144520.17975556274
1960,117407.62829354213
1961,123188.9867442831
1962,106680.50862149753
1963,111137.87178582384
1964,114479.42932780579
1965,156040.82095368678
1966,160334.01053288762
1967,286592.99247926625
1968,374802.05614433246
1969,390738.41951899335
1970,406515.53048757813
1971,381989.74427025975
1972,360247.52270106575
1973,286437.60037613806
1974,315952.125392365
1975,406825.1752353343
1976,278304.3613404514
1977,347084.7477837356
1978,338682.89046251285
1979,355631.17433793604
1980,196178.5682965077
1981,345292.36871963
1982,223779.92693564857
1983,218706.77666793994
1984,172830.96814072187
1985,213240.1172629575
1986,218011.80859172007
1987,179288.8371652547
1988,178249.08524803954
1989,185629.152200339
1990,225328.17642479797
1991,196797.82031964933
1992,211170.0036374112
1993,173653.7855249776
1994,243634.1919150454
1995,180497.1652108982
1996,256816.03873242953
1997,337104.3322799942
1998,351501.2246482787
1999,249259.67273662754
2000,307834.3110063357
2001,258190.240535984
2002,237478.39382406833
2003,251186.621687634
2004,265988.0157602974
2005,229156.90045687227
2006,220270.83492337988
2007,261305.7683261499
2008,190458.13103355735
2009,185716.086627438
2010,193769.89173843246
2011,145106.60562092732
2012,180661.29346080252
2013,180149.60962410684
2014,187441.73241616957
2015,197244.21539099858
2016,189064.97892489829
2017,200278.65031424846
2018,124298.86161773566
2019,128926.41036477039
2020,112840.77431176777
2021,117878.42735486706
2022,177363.8065575254
2023,158424.77751230486
2024,214184.79312249355
2025,344585.4769878637
2026,185083.1057670779
2027,149903.14340888392
2028,163721.07745879228
2029,170885.96828739665
2030,286917.268192867
2031,267647.738203254
2032,278854.1053902039
2033,281554.9392715342
2034,162903.1689424513
2035,201628.39720313888
2036,211400.07912598655
2037,215504.0912547827
2038,303247.12510088517
2039,211357.1896401957
2040,353829.1468992957
2041,263774.0445844967
2042,198443.5027269532
2043,167119.05108294194
2044,172752.96517189097
2045,221413.51636479027
2046,140275.22508573564
2047,157078.25273224278
2048,130183.34050259618
2049,142017.6456153406
2050,181003.5162769032
2051,109147.87621506242
2052,139003.85696755265
2053,141332.82923358222
2054,93718.04451204553
2055,165871.85920768307
2056,127751.28184119111
2057,128249.41816628893
2058,213654.26894647672
2059,142150.7160649128
2060,160834.22781063587
2061,181745.6365045401
2062,135854.53596559138
2063,112869.20625408125
2064,137305.96978062778
2065,114808.99978762766
2066,176281.68797225307
2067,144610.72441800628
2068,142478.495972134
2069,89342.157323324
2070,111250.88819052903
2071,104553.13274969178
2072,156699.10863260803
2073,137266.54041782572
2074,172910.07778301268
2075,141317.51810058986
2076,125255.03223687895
2077,144779.1141010551
2078,131041.0309491845
2079,133202.36775570305
2080,117534.90483591986
2081,124545.09868210113
2082,132164.46824872555
2083,147333.37484527822
2084,113792.00820586813
2085,133051.6712038361
2086,120345.25783474038
2087,121351.36388277072
2088,102347.57209574891
2089,100360.09894851205
2090,138292.54565737455
2091,129701.49717527968
2092,137008.20009568307
2093,145434.89805385322
2094,143086.71239538674
2095,157356.22391443152
2096,89369.3190390487
2097,101532.6014871431
2098,161304.08381953664
2099,85120.71694639437
2100,129638.2293147367
2101,132913.563719787
2102,151474.9195999706
2103,107824.2818117117
2104,138394.45471964698
2105,137532.44644375896
2106,93685.58113788035
2107,232823.40186264526
2108,120084.48143545858
2109,117634.01504365941
2110,133066.45411206112
2111,165522.11766304146
2112,143667.76588349266
2113,116681.23466360895
2114,108848.44242191761
2115,157364.7171875222
2116,116743.50585737274
2117,148336.14473718466
2118,121141.07206054745
2119,109699.26233877389
2120,111666.43926750106
2121,97988.93931264408
2122,104531.94309179386
2123,92083.37628974752
2124,197180.8468899767
2125,140670.43842945993
2126,163308.01724147613
2127,150839.17165298504
2128,141197.13029394654
2129,115019.29245342195
2130,144986.1950517122
2131,165615.25005123022
2132,118302.5588867339
2133,124574.57674256993
2134,122819.64039968773
2135,113165.77097800461
2136,98193.57255358648
2137,119606.2762727399
2138,138118.97572958082
2139,149828.07691426855
2140,134800.01383132304
2141,136861.05327950144
2142,134615.09227760916
2143,145101.34919176006
2144,129973.8421398427
2145,131124.6802225815
2146,145757.425578726
2147,164799.5680380448
2148,143671.6655416194
2149,148390.02738311962
2150,213444.91642711635
2151,138755.15484347392
2152,166132.87576178063
2153,161690.45475137242
2154,105624.6327882603
2155,126347.68525505452
2156,217263.43481687445
2157,239799.83259044765
2158,239406.08956479796
2159,221908.18500098557
2160,169575.82860316415
2161,255535.71327698918
2162,390928.8339770118
2163,345623.96063637605
2164,260006.01344873436
2165,173280.25414344872
2166,143304.6906446562
2167,210012.91698078974
2168,200987.12591625005
2169,194597.08157871943
2170,215142.3072311001
2171,145113.4461932141
2172,140828.25494865637
2173,155067.4917764888
2174,244607.66790541803
2175,315151.5282583475
2176,318518.69516716833
2177,250064.5955261389
2178,226814.26233059596
2179,143099.22084891505
2180,209458.23039925488
2181,197749.21421615884
2182,222979.3523615636
2183,197483.36045213253
2184,139287.48202936954
2185,130098.89236520723
2186,144441.16005745518
2187,148957.67904007997
2188,153379.81119430356
2189,178707.13670224018
2190,97156.55888378595
2191,97419.11180406841
2192,95760.3956598557
2193,101165.91773317454
2194,104133.18269184217
2195,117725.57734520352
2196,114664.73293716997
2197,112519.5965565907
2198,166486.32352888508
2199,166368.4777707452
2200,128178.63528281629
2201,130751.29148990495
2202,203650.40006726922
2203,162364.57726579384
2204,172345.45698622716
2205,115850.30004434455
2206,130365.09787787855
2207,228547.00454247836
2208,230631.7536506457
2209,185676.07908058722
2210,129444.93570871439
2211,111491.81381026583
2212,110879.6442903335
2213,106679.1378865456
2214,151741.767774073
2215,105334.69650634365
2216,145234.0852309228
2217,96963.34455665053
2218,92959.39807982132
2219,85134.77051043339
2220,90876.7757634909
2221,289346.44762849895
2222,240187.54486063778
2223,268728.1853028611
2224,212427.32279889833
2225,143324.4714664293
2226,180994.70333197498
2227,204317.45951773907
2228,279097.3565636823
2229,237401.5115837122
2230,153489.31297554923
2231,204518.51466448198
2232,182780.90843001098
2233,176596.65473327955
2234,248798.52945234702
2235,202471.99552946963
2236,282736.7365697648
2237,352636.5945248913
2238,205453.3105612347
2239,130960.86926362805
2240,163822.56716165715
2241,159661.17299159314
2242,140380.93836859605
2243,143158.36279758657
2244,104509.12442597006
2245,104520.88406901908
2246,143334.75925649435
2247,106493.7067045775
2248,125465.25544889703
2249,126325.46606769752
2250,136492.6677214868
2251,138032.20780696307
2252,180060.23318457097
2253,155295.48943927835
2254,178529.32897633672
2255,189176.72051968396
2256,181724.9946029977
2257,190323.38087883935
2258,172010.20824379553
2259,177911.9101502914
2260,153597.68030961498
2261,203546.08485919592
2262,221633.70967076148
2263,333454.46130639507
2264,395030.62841664185
2265,175455.7940857796
2266,285923.152567873
2267,338557.3118827506
2268,367638.20405556425
2269,164144.4793089126
2270,182110.32613262138
2271,234579.6996267164
2272,209936.41654826605
2273,162192.27363218452
2274,169137.8244365285
2275,161210.4730404164
2276,178134.987085543
2277,181436.93938036
2278,156042.96843192232
2279,120687.34793153957
2280,114391.0662990495
2281,176879.70961503155
2282,179408.07213305644
2283,105661.11894977707
2284,110673.41675652971
2285,157745.22485895478
2286,130146.77682664884
2287,349175.84879792127
2288,278967.60204238596
2289,355953.93875187315
2290,407517.9818705647
2291,324892.353266641
2292,396580.028853992
2293,408699.7751705852
2294,376063.0612321752
2295,407184.348182571
2296,276406.25604445004
2297,300620.51470936084
2298,340240.8953976753
2299,344431.918130094
2300,321763.39275038696
2301,276592.84208652016
2302,236170.88867776413
2303,257605.84298891385
2304,249864.95250529982
2305,176945.4796139966
2306,177531.82833608202
2307,181058.75596938364
2308,242064.07009481994
2309,285985.3945372239
2310,217453.91458905817
2311,203999.74404978324
2312,179568.89690888886
2313,176661.56738924357
2314,179625.7413366953
2315,177529.13605377372
2316,194815.39670167965
2317,175331.89707959362
2318,174785.39832441587
2319,175511.4204984589
2320,183296.65752954592
2321,258702.02375173714
2322,183113.50485126238
2323,173908.75596838468
2324,168044.81227375264
2325,218658.51864274367
2326,167203.6528654579
2327,219417.6248743224
2328,228841.24871489752
2329,185072.95083596912
2330,179563.04608018228
2331,338814.29053224827
2332,357531.5312842841
2333,315122.25936838967
2334,258043.81255797314
2335,265781.4413680659
2336,315829.19786375406
2337,197674.41696019808
2338,275944.3232534259
2339,239738.4230863065
2340,389651.82969278266
2341,217423.916092182
2342,240151.85656847554
2343,222380.59353774
2344,235122.20368830842
2345,247590.18482354892
2346,219642.5610296834
2347,195240.76441903636
2348,229269.93964891485
2349,162302.3355288728
2350,276103.79736218514
2351,249093.61228614397
2352,265607.89684058743
2353,232651.02464666378
2354,133611.59089997906
2355,158673.93415831678
2356,150620.89488627907
2357,207006.66349235136
2358,195187.70240544959
2359,123213.52253973903
2360,122091.24738298335
2361,139550.09244075845
2362,257305.43127763228
2363,142734.97763098174
2364,152410.88264754275
2365,222149.8539880982
2366,205447.06258973145
2367,235819.61719538097
2368,201797.3684904288
2369,235686.03591529932
2370,170259.30067794034
2371,169739.73131244146
2372,184057.32787355472
2373,265932.684862233
2374,286411.6908028876
2375,236716.1818152391
2376,265444.32422820886
2377,339194.66178687813
2378,140183.25434192584
2379,191388.7965132099
2380,144659.0797261232
2381,159871.82755835916
2382,194531.63018346927
2383,215063.92129670831
2384,244992.75858638182
2385,153184.33446941135
2386,137922.6181998495
2387,134534.23798606213
2388,129462.83724536134
2389,128209.21144926081
2390,137325.28987972334
2391,135489.09966829215
2392,117391.18275004654
2393,165657.4604643432
2394,143843.99519487613
2395,187860.56682875668
2396,145811.3826095421
2397,193985.5825915114
2398,122912.56302073569
2399,86975.53364449441
2400,80935.14546547364
2401,117762.00366615989
2402,133899.67006402198
2403,154491.54499505396
2404,143098.97247853558
2405,158145.4924599753
2406,131637.15741726232
2407,129564.4553244657
2408,139179.5867889685
2409,137574.9616362715
2410,168161.20334711793
2411,124094.25128343202
2412,155340.53832099438
2413,135645.00700302958
2414,131822.79612556665
2415,136425.47489870896
2416,125726.16708535203
2417,127767.99852060652
2418,121225.5215699754
2419,134726.4728891808
2420,126487.67224345826
2421,154963.83554163866
2422,116799.9750248421
2423,138392.7500022603
2424,157314.80980769615
2425,185980.64770080204
2426,133582.97557834943
2427,140182.45951490523
2428,168845.73606149122
2429,118435.31989419539
2430,129357.97258038865
2431,127897.90837334946
2432,133580.8569051178
2433,142401.78676536947
2434,142770.5486743347
2435,148463.68080164204
2436,110532.26835058791
2437,114343.30610063863
2438,125217.01859687056
2439,117441.02240403795
2440,126090.91939816074
2441,110678.01329767267
2442,108063.95527544257
2443,116635.49133892437
2444,124858.09547385605
2445,91168.89918306457
2446,135997.16869075713
2447,224801.00777002316
2448,148944.2112988517
2449,111814.57958378637
2450,160015.0960495103
2451,124594.08429960714
2452,229327.22985210564
2453,102622.62810170859
2454,127727.72718206362
2455,105816.7455027987
2456,141729.71581242385
2457,115498.78392725809
2458,113119.01069245161
2459,110891.00436260378
2460,138611.1266191022
2461,114998.25966190494
2462,132985.10148940497
2463,119378.23135847341
2464,157241.3497275324
2465,129534.04158595203
2466,119099.35648697027
2467,146618.27304464122
2468,95354.41259574442
2469,99680.26212744493
2470,185930.01428952705
2471,204307.22234498188
2472,176877.0596682594
2473,123121.22650382118
2474,125942.82756037074
2475,228495.722783069
2476,104827.42832086136
2477,128498.4752814915
2478,166606.60676485157
2479,127864.91763475884
2480,135603.98589598533
2481,130647.78235847043
2482,133986.70207741013
2483,118454.45604853211
2484,124430.82734525838
2485,121908.0452678418
2486,147058.089140372
2487,175311.19736931767
2488,146485.71118764023
2489,147733.48221239
2490,144236.67409739894
2491,97087.23461399924
2492,179370.77021286407
2493,139149.49370322973
2494,170617.40029268517
2495,101781.4738764768
2496,207309.00415466126
2497,152910.90262018234
2498,118575.93049951388
2499,95787.34572029248
2500,135237.70860952235
2501,137162.91788520332
2502,153400.7745898728
2503,109722.75995691681
2504,189437.32759387218
2505,222944.67138244287
2506,264235.73657681025
2507,330201.98327424837
2508,264402.5799040496
2509,224221.89388520404
2510,242473.1933256328
2511,190036.46394324125
2512,209136.31710442316
2513,217323.96546541995
2514,242457.6825949001
2515,145427.95127556048
2516,157375.3476228507
2517,134838.58876303452
2518,145569.59827614305
2519,221999.7278003662
2520,206819.31277069353
2521,194327.070161963
2522,217991.97239350164
2523,133799.54983363076
2524,140735.86828406283
2525,143884.6791371075
2526,141648.02684980555
2527,122505.99893912775
2528,129392.25422562657
2529,132465.98237854475
2530,117662.64452112728
2531,243146.15446872215
2532,226607.18821250345
2533,200509.07451191905
2534,243625.8300593289
2535,298662.05196306005
2536,232823.35213386107
2537,228949.2034041116
2538,186146.0235698332
2539,187931.29219550308
2540,177831.27423439536
2541,181863.3429633234
2542,161920.0074207588
2543,129431.66582372077
2544,135070.5579050203
2545,128852.45829773355
2546,147302.293553246
2547,138123.19030665702
2548,149184.82361389708
2549,157886.2312353857
2550,417368.2846309511
2551,142548.50190129777
2552,123242.66832452877
2553,97567.24471882105
2554,121346.13768731452
2555,109963.14014109822
2556,111598.02600256016
2557,120227.71937552631
2558,146930.13306015846
2559,138196.88180240805
2560,123626.83218187532
2561,135295.84876713852
2562,134154.32941137836
2563,138712.57897709022
2564,169120.66252089877
2565,125208.22195267536
2566,152315.13664254555
2567,130336.53014126589
2568,181771.96744278353
2569,185790.00078690375
2570,128087.73670571699
2571,171353.8326549742
2572,195318.72007905683
2573,220079.3740884341
2574,303180.5314099556
2575,127317.32058701699
2576,137650.00963732236
2577,154942.83686170547
2578,101037.39700433257
2579,93982.2964988212
2580,135339.35342307016
2581,135755.4485668757
2582,116610.50569228164
2583,275901.2594796147
2584,159011.77309292374
2585,188584.6562251133
2586,209031.8225100759
2587,209991.78787400556
2588,152170.62615410547
2589,143632.21644782755
2590,224239.0777377499
2591,200160.24614472684
2592,220361.80304641102
2593,238990.47553184757
2594,175139.59657210074
2595,215077.50477369013
2596,341754.2887381119
2597,184833.73305634293
2598,253761.2516848766
2599,341101.9387079983
2600,173022.34754295825
2601,140747.93472684454
2602,98482.14193831338
2603,102414.17669073884
2604,94882.21023643207
2605,100094.28028002122
2606,144464.8120977408
2607,168869.28876423516
2608,190207.4758712341
2609,165522.923836201
2610,112242.97420366647
2611,155964.42885701795
2612,151175.30727328974
2613,127997.98815937147
2614,127233.18224691573
2615,148741.72624152
2616,134124.80355354102
2617,187239.17871853992
2618,167844.88079478295
2619,221242.40023265948
2620,182458.2906271181
2621,185111.59783746905
2622,185239.319991697
2623,250725.11339657218
2624,263728.86101706914
2625,323363.2525264454
2626,163939.30584476545
2627,198557.8276812883
2628,373815.20918024867
2629,380319.63497348526
2630,358590.26115246787
2631,408753.9818333754
2632,367956.29573409946
2633,308080.1577472013
2634,389968.58807243145
2635,149632.71981244156
2636,199038.13041262643
2637,182144.72290419735
2638,243217.55471946907
2639,185392.94810318312
2640,150293.32031608958
2641,116223.54550320917
2642,188722.3584978366
2643,117462.03752965748
2644,135833.31423984386
2645,105345.39072997258
2646,102533.53359812434
2647,107741.64764905149
2648,146098.4498236424
2649,142669.9731711655
2650,154522.3261550855
2651,159871.19288240708
2652,397268.1218071778
2653,262623.9424863543
2654,240229.9818889231
2655,385351.03908305406
2656,341642.8804815385
2657,318931.5782197936
2658,273378.54657086614
2659,315418.1985347693
2660,334578.256841209
2661,348774.44167194347
2662,359896.9640152829
2663,278242.5189692699
2664,282846.4698873924
2665,331709.93693254155
2666,289588.9562620249
2667,172418.6068901058
2668,181206.38972222648
2669,177044.3343368227
2670,297577.47578923916
2671,181777.88105946837
2672,188771.09637195975
2673,214847.77484140263
2674,213997.5183759851
2675,171553.24597428154
2676,188306.7775327892
2677,192997.09069103937
2678,254688.0460007653
2679,281408.1024408013
2680,287581.7597754947
2681,366592.01142387645
2682,312194.60712140735
2683,396295.3164803132
2684,311175.33249041747
2685,320587.99736107263
2686,257198.54728369057
2687,303852.48397966375
2688,235617.96750828906
2689,217931.81563475425
2690,414775.03867700696
2691,183153.1699820178
2692,135681.71312834733
2693,199358.8691727329
2694,136278.48556190287
2695,191223.49144729844
2696,185401.8146169025
2697,185615.98274243242
2698,192879.5927531919
2699,181290.31791502214
2700,169862.9950721835
2701,152754.5551451739
2702,126409.08642530766
2703,150708.4703399312
2704,141387.84091965965
2705,128134.77820998152
2706,119896.0270206788
2707,124443.6701334775
2708,134541.5932271388
2709,107001.45665935561
2710,127166.46574663557
2711,265902.57668385893
2712,331051.2058022978
2713,174851.24880672683
2714,160282.50968875407
2715,168479.10627072502
2716,164232.04810418177
2717,178938.8562799027
2718,241159.7996916257
2719,153266.6548350807
2720,170040.3620581151
2721,143491.59903890855
2722,157514.11302426877
2723,144931.6720039357
2724,127361.24999897323
2725,136216.04158699542
2726,144110.14452444154
2727,168055.62601313513
2728,168003.83409821
2729,154874.58762502
2730,144357.70587739354
2731,120920.67705729885
2732,116402.42649817499
2733,164528.89453704984
2734,148601.7780145064
2735,134951.69656088518
2736,143406.17942663602
2737,124837.29428860053
2738,141847.95233267092
2739,160759.08520583538
2740,136652.51207208476
2741,145375.00882347688
2742,152312.71749581935
2743,144497.65943924309
2744,143602.4792979006
2745,134937.5258555427
2746,131064.7996550939
2747,162156.17818600702
2748,126223.56691011813
2749,127278.87176628402
2750,131258.92886713363
2751,124936.30741648906
2752,237462.86065282646
2753,151155.93210606033
2754,212723.51974257937
2755,125880.67197461332
2756,99965.73320041619
2757,91494.14225525227
2758,95063.43348153922
2759,160879.24983070753
2760,148732.26401640434
2761,143890.9586594314
2762,146433.44974728828
2763,183906.4459931889
2764,178437.7699134923
2765,243910.9448666623
2766,146030.30715181414
2767,94755.32763843265
2768,131339.7246171545
2769,137404.85821928093
2770,152479.30639406043
2771,120663.1690568793
2772,123859.05780731062
2773,157827.9520753422
2774,139630.16523524307
2775,144194.04138014745
2776,149735.68231861433
2777,160637.11075753727
2778,128702.24588492804
2779,150601.61469267507
2780,112487.68863483684
2781,104455.00326679778
2782,100375.46446079692
2783,107050.48997847144
2784,129634.52823188223
2785,141798.79732800825
2786,92592.27243357552
2787,119320.76451618335
2788,98709.95946339882
2789,211810.3977756974
2790,96216.55367567658
2791,122274.58636041978
2792,104534.4599512027
2793,160719.9571412115
2794,108099.42917158769
2795,114132.54906542845
2796,103117.21846291362
2797,190814.59220248513
2798,125968.32302507902
2799,122303.72346143652
2800,87579.95191674629
2801,115190.89942288639
2802,141948.4640898362
2803,158370.12268090172
2804,155173.73028092913
2805,97389.2362392679
2806,103926.95855149605
2807,156242.2920167267
2808,146484.3184421313
2809,128581.35998458712
2810,138189.83500050625
2811,158296.82684840218
2812,142274.35825758678
2813,151703.2325233625
2814,158791.09928074878
2815,97230.11310403966
2816,229342.61727232562
2817,135554.08749054075
2818,132205.20622688395
2819,175620.5301071371
2820,138689.63709237162
2821,104872.84255019581
2822,197563.55040076654
2823,206492.49926698097
2824,171456.44178134296
2825,155935.35107820996
2826,130906.85203103749
2827,146875.12062901785
2828,210528.07496588535
2829,188929.62669590302
2830,223121.82274696272
2831,191062.05427089363
2832,212723.05646845323
2833,287465.9761696827
2834,210421.30286341163
2835,223279.87945524466
2836,193885.2210995528
2837,167320.33426997374
2838,149238.87275618498
2839,182603.72946443426
2840,198512.5628456559
2841,203296.9041223124
2842,215797.6863893345
2843,141223.8677981073
2844,163487.52987932178
2845,122133.28452130452
2846,209632.99097540605
2847,193682.5820757274
2848,220435.55648675322
2849,215919.9603052298
2850,291530.0473979658
2851,237617.46813312516
2852,226631.71204419847
2853,235847.9864705709
2854,143171.03022208053
2855,205255.60817438323
2856,203659.880463205
2857,191813.71129905828
2858,202956.4146382751
2859,139786.64621280017
2860,122795.49886729613
2861,145771.90224052215
2862,193695.3865075549
2863,120896.58908377815
2864,251987.71753983025
2865,142072.89727733188
2866,169538.4675631894
2867,97896.88693121949
2868,127419.88697982393
2869,128565.8181289543
2870,167412.39128901652
2871,117770.22755619332
2872,82217.33620186415
2873,98693.84842159452
2874,146092.06571223037
2875,116884.00916166496
2876,159212.9028441424
2877,140325.5414499594
2878,164393.29244360642
2879,148036.3130414964
2880,104990.3978332865
2881,148855.0909753737
2882,158981.23495959368
2883,177437.99618588857
2884,187219.33759659273
2885,176183.6968059019
2886,179317.68087129862
2887,101003.79038039011
2888,128916.24144581448
2889,80340.83107404353
2890,94376.35756974925
2891,140519.8176252401
2892,81169.24334347888
2893,116323.47882019888
2894,81989.23507029976
2895,295787.86573364405
2896,287375.73850125587
2897,195927.7619854028
2898,154009.4520714758
2899,237425.1756148081
2900,155031.62072841942
2901,185906.08564627275
2902,183850.2959007243
2903,339230.25218080933
2904,356829.9060111431
2905,131657.81585865578
2906,203890.8924682653
2907,118041.44712555852
2908,125487.5460601628
2909,162099.25313563432
2910,92727.4543641217
2911,98027.51520826209
2912,147454.39760820658
2913,101261.80357705515
2914,92193.51763525272
2915,92483.92403977878
2916,98003.06894305619
2917,153483.71630403888
2918,116197.1814636024
2919,230077.23275207635